Tr_base_to_lidar_front: 0.980388 -0.016089 0.19642 0.747812 0.017425 0.999835 -0.005075 -0.042543 -0.196306 0.008398 0.980507 -0.982992 0.0 0.0 0.0 1.0
Tr_base_to_lidar_left: -0.012647 -0.997713 -0.066397 0.381409 0.92047 -0.037556 0.389005 0.518575 -0.390609 -0.056197 0.91884 -0.82677 0.0 0.0 0.0 1.0
Tr_base_to_lidar_right: -0.073861 0.996059 -0.049106 0.502968 -0.959792 -0.084371 -0.267733 -0.687238 -0.270821 0.027356 0.962241 -0.964106 0.0 0.0 0.0 1.0
Tr_base_to_lidar_top: 1.0 0.0 0.0 0.0 0.0 1.0 0.0 0.0 0.0 0.0 1.0 0.0 0.0 0.0 0.0 1.0